add 40,40,1560,40
add 40,1080,1560,1080
add 40,40,40,1080
add 1560,40,1560,1080
add 40,160,80,160
add 40,200,80,200
add 80,240,80,280
add 80,280,80,320
add 80,320,80,360
add 40,400,80,400
add 80,440,80,480
add 80,480,80,520
add 80,520,80,560
add 40,600,80,600
add 80,680,80,720
add 80,720,80,760
add 80,800,80,840
add 80,840,80,880
add 40,920,80,920
add 80,200,120,200
add 120,200,120,240
add 80,280,120,280
add 120,320,120,360
add 80,400,120,400
add 80,480,120,480
add 80,560,120,560
add 80,600,120,600
add 80,640,120,640
add 80,680,120,680
add 80,760,120,760
add 80,800,120,800
add 80,880,120,880
add 80,920,120,920
add 120,160,160,160
add 120,200,160,200
add 160,240,160,280
add 120,280,160,280
add 120,360,160,360
add 120,400,160,400
add 120,440,160,440
add 120,520,160,520
add 160,520,160,560
add 120,560,160,560
add 160,560,160,600
add 120,640,160,640
add 160,640,160,680
add 120,720,160,720
add 160,720,160,760
add 120,760,160,760
add 120,800,160,800
add 120,840,160,840
add 120,880,160,880
add 120,920,160,920
add 160,160,200,160
add 160,200,200,200
add 160,240,200,240
add 200,280,200,320
add 160,320,200,320
add 200,320,200,360
add 200,360,200,400
add 160,400,200,400
add 160,440,200,440
add 160,480,200,480
add 200,480,200,520
add 160,560,200,560
add 200,600,200,640
add 160,640,200,640
add 200,680,200,720
add 200,760,200,800
add 160,840,200,840
add 200,880,200,920
add 160,920,200,920
add 240,40,240,80
add 240,80,240,120
add 240,120,240,160
add 200,160,240,160
add 240,160,240,200
add 240,200,240,240
add 200,240,240,240
add 240,240,240,280
add 240,280,240,320
add 240,320,240,360
add 200,400,240,400
add 200,440,240,440
add 240,440,240,480
add 200,520,240,520
add 240,560,240,600
add 200,600,240,600
add 240,640,240,680
add 200,720,240,720
add 240,720,240,760
add 200,800,240,800
add 200,840,240,840
add 200,880,240,880
add 200,920,240,920
add 240,920,240,960
add 240,1000,240,1040
add 240,1040,240,1080
add 280,80,280,120
add 280,120,280,160
add 280,160,280,200
add 280,200,280,240
add 280,280,280,320
add 280,320,280,360
add 280,360,280,400
add 240,480,280,480
add 240,520,280,520
add 280,520,280,560
add 240,600,280,600
add 240,640,280,640
add 280,680,280,720
add 240,760,280,760
add 240,800,280,800
add 280,840,280,880
add 240,880,280,880
add 280,880,280,920
add 240,1000,280,1000
add 280,1040,280,1080
add 280,80,320,80
add 320,160,320,200
add 280,240,320,240
add 280,320,320,320
add 280,360,320,360
add 280,440,320,440
add 320,480,320,520
add 280,520,320,520
add 280,600,320,600
add 280,640,320,640
add 320,640,320,680
add 280,680,320,680
add 320,720,320,760
add 280,800,320,800
add 320,800,320,840
add 320,840,320,880
add 320,880,320,920
add 320,920,320,960
add 280,960,320,960
add 280,1000,320,1000
add 320,1000,320,1040
add 320,80,360,80
add 360,80,360,120
add 320,120,360,120
add 320,160,360,160
add 320,200,360,200
add 360,200,360,240
add 360,240,360,280
add 320,280,360,280
add 360,280,360,320
add 320,400,360,400
add 320,440,360,440
add 360,480,360,520
add 360,520,360,560
add 360,560,360,600
add 360,600,360,640
add 320,640,360,640
add 360,680,360,720
add 320,720,360,720
add 360,760,360,800
add 320,800,360,800
add 360,840,360,880
add 320,920,360,920
add 360,920,360,960
add 320,1000,360,1000
add 400,120,400,160
add 400,160,400,200
add 360,240,400,240
add 400,280,400,320
add 400,320,400,360
add 360,360,400,360
add 400,360,400,400
add 360,440,400,440
add 400,440,400,480
add 360,520,400,520
add 400,560,400,600
add 360,640,400,640
add 360,680,400,680
add 400,680,400,720
add 400,720,400,760
add 360,760,400,760
add 400,800,400,840
add 360,840,400,840
add 360,880,400,880
add 360,960,400,960
add 360,1000,400,1000
add 360,1040,400,1040
add 400,1040,400,1080
add 400,80,440,80
add 440,80,440,120
add 440,120,440,160
add 400,200,440,200
add 440,240,440,280
add 400,280,440,280
add 440,320,440,360
add 440,360,440,400
add 440,400,440,440
add 440,440,440,480
add 400,480,440,480
add 440,480,440,520
add 400,560,440,560
add 400,640,440,640
add 400,680,440,680
add 400,760,440,760
add 400,800,440,800
add 440,800,440,840
add 440,920,440,960
add 400,960,440,960
add 400,1000,440,1000
add 480,40,480,80
add 440,80,480,80
add 480,160,480,200
add 440,200,480,200
add 440,240,480,240
add 440,280,480,280
add 440,320,480,320
add 480,360,480,400
add 440,400,480,400
add 480,440,480,480
add 440,520,480,520
add 480,520,480,560
add 440,560,480,560
add 440,600,480,600
add 440,680,480,680
add 440,720,480,720
add 480,720,480,760
add 480,760,480,800
add 440,800,480,800
add 440,880,480,880
add 480,880,480,920
add 440,960,480,960
add 440,1000,480,1000
add 480,1000,480,1040
add 480,80,520,80
add 480,120,520,120
add 520,200,520,240
add 480,280,520,280
add 480,320,520,320
add 520,320,520,360
add 480,400,520,400
add 520,400,520,440
add 480,520,520,520
add 520,560,520,600
add 480,600,520,600
add 480,640,520,640
add 480,680,520,680
add 480,720,520,720
add 520,760,520,800
add 480,840,520,840
add 520,880,520,920
add 520,920,520,960
add 480,960,520,960
add 520,960,520,1000
add 480,1040,520,1040
add 520,80,560,80
add 520,120,560,120
add 560,120,560,160
add 520,160,560,160
add 560,160,560,200
add 560,200,560,240
add 560,240,560,280
add 520,280,560,280
add 520,320,560,320
add 520,400,560,400
add 520,480,560,480
add 520,520,560,520
add 560,520,560,560
add 520,600,560,600
add 520,640,560,640
add 560,640,560,680
add 520,720,560,720
add 520,760,560,760
add 560,760,560,800
add 520,880,560,880
add 560,960,560,1000
add 520,1000,560,1000
add 520,1040,560,1040
add 560,80,600,80
add 560,120,600,120
add 600,160,600,200
add 560,240,600,240
add 600,280,600,320
add 600,320,600,360
add 560,360,600,360
add 600,360,600,400
add 600,400,600,440
add 560,440,600,440
add 600,440,600,480
add 560,480,600,480
add 600,480,600,520
add 600,520,600,560
add 600,560,600,600
add 560,600,600,600
add 600,600,600,640
add 560,640,600,640
add 600,680,600,720
add 560,720,600,720
add 560,800,600,800
add 600,800,600,840
add 560,880,600,880
add 600,880,600,920
add 560,920,600,920
add 560,1000,600,1000
add 600,1000,600,1040
add 600,80,640,80
add 640,120,640,160
add 600,160,640,160
add 640,200,640,240
add 600,240,640,240
add 640,240,640,280
add 600,320,640,320
add 600,640,640,640
add 640,680,640,720
add 640,720,640,760
add 600,760,640,760
add 640,760,640,800
add 600,840,640,840
add 640,840,640,880
add 640,880,640,920
add 600,960,640,960
add 600,1040,640,1040
add 680,80,680,120
add 640,160,680,160
add 680,160,680,200
add 680,240,680,280
add 640,280,680,280
add 640,320,680,320
add 640,640,680,640
add 640,680,680,680
add 640,800,680,800
add 680,800,680,840
add 640,880,680,880
add 640,960,680,960
add 640,1000,680,1000
add 680,1000,680,1040
add 640,1040,680,1040
add 680,80,720,80
add 720,120,720,160
add 680,160,720,160
add 720,200,720,240
add 720,240,720,280
add 720,280,720,320
add 680,320,720,320
add 680,640,720,640
add 720,640,720,680
add 720,680,720,720
add 680,760,720,760
add 680,840,720,840
add 680,880,720,880
add 720,880,720,920
add 720,920,720,960
add 680,1000,720,1000
add 720,1040,720,1080
add 720,80,760,80
add 720,120,760,120
add 760,160,760,200
add 760,200,760,240
add 720,320,760,320
add 720,640,760,640
add 760,720,760,760
add 720,800,760,800
add 760,800,760,840
add 760,840,760,880
add 760,880,760,920
add 760,960,760,1000
add 720,1000,760,1000
add 720,1040,760,1040
add 760,80,800,80
add 760,120,800,120
add 800,120,800,160
add 800,200,800,240
add 760,280,800,280
add 760,320,800,320
add 760,640,800,640
add 760,680,800,680
add 760,720,800,720
add 800,760,800,800
add 760,800,800,800
add 800,840,800,880
add 760,880,800,880
add 800,920,800,960
add 760,960,800,960
add 800,1000,800,1040
add 760,1040,800,1040
add 800,80,840,80
add 840,80,840,120
add 800,160,840,160
add 800,200,840,200
add 840,240,840,280
add 800,280,840,280
add 800,320,840,320
add 800,640,840,640
add 800,680,840,680
add 840,680,840,720
add 840,720,840,760
add 800,800,840,800
add 840,840,840,880
add 840,880,840,920
add 840,920,840,960
add 800,960,840,960
add 800,1000,840,1000
add 840,80,880,80
add 880,120,880,160
add 840,160,880,160
add 840,200,880,200
add 840,240,880,240
add 840,280,880,280
add 840,320,880,320
add 840,640,880,640
add 840,680,880,680
add 880,720,880,760
add 840,800,880,800
add 840,840,880,840
add 880,880,880,920
add 880,920,880,960
add 880,960,880,1000
add 840,1000,880,1000
add 840,1040,880,1040
add 880,80,920,80
add 920,80,920,120
add 880,160,920,160
add 920,160,920,200
add 880,200,920,200
add 920,280,920,320
add 880,320,920,320
add 880,640,920,640
add 880,680,920,680
add 920,680,920,720
add 920,720,920,760
add 880,760,920,760
add 880,800,920,800
add 880,840,920,840
add 920,840,920,880
add 880,920,920,920
add 920,960,920,1000
add 920,1000,920,1040
add 880,1040,920,1040
add 920,80,960,80
add 920,120,960,120
add 960,120,960,160
add 960,160,960,200
add 960,200,960,240
add 920,240,960,240
add 960,240,960,280
add 920,320,960,320
add 920,640,960,640
add 920,680,960,680
add 960,720,960,760
add 960,760,960,800
add 920,800,960,800
add 920,840,960,840
add 960,880,960,920
add 920,920,960,920
add 920,960,960,960
add 920,1000,960,1000
add 960,80,1000,80
add 1000,80,1000,120
add 1000,120,1000,160
add 1000,160,1000,200
add 1000,200,1000,240
add 1000,240,1000,280
add 1000,280,1000,320
add 1000,320,1000,360
add 1000,360,1000,400
add 1000,400,1000,440
add 1000,440,1000,480
add 1000,480,1000,520
add 1000,520,1000,560
add 1000,560,1000,600
add 1000,600,1000,640
add 960,640,1000,640
add 960,680,1000,680
add 960,720,1000,720
add 1000,800,1000,840
add 960,840,1000,840
add 1000,840,1000,880
add 960,920,1000,920
add 1000,920,1000,960
add 960,1000,1000,1000
add 960,1040,1000,1040
add 1000,1040,1000,1080
add 1000,160,1040,160
add 1040,200,1040,240
add 1040,240,1040,280
add 1040,280,1040,320
add 1040,320,1040,360
add 1000,400,1040,400
add 1040,400,1040,440
add 1040,440,1040,480
add 1000,560,1040,560
add 1040,600,1040,640
add 1040,640,1040,680
add 1000,680,1040,680
add 1040,680,1040,720
add 1000,760,1040,760
add 1040,800,1040,840
add 1000,840,1040,840
add 1040,880,1040,920
add 1000,920,1040,920
add 1000,960,1040,960
add 1000,1000,1040,1000
add 1040,120,1080,120
add 1080,120,1080,160
add 1080,160,1080,200
add 1040,200,1080,200
add 1040,280,1080,280
add 1080,280,1080,320
add 1080,360,1080,400
add 1080,400,1080,440
add 1080,440,1080,480
add 1080,480,1080,520
add 1040,520,1080,520
add 1080,600,1080,640
add 1080,640,1080,680
add 1040,720,1080,720
add 1080,720,1080,760
add 1080,760,1080,800
add 1080,840,1080,880
add 1040,880,1080,880
add 1040,920,1080,920
add 1080,960,1080,1000
add 1040,1000,1080,1000
add 1040,1040,1080,1040
add 1080,80,1120,80
add 1120,80,1120,120
add 1080,160,1120,160
add 1080,240,1120,240
add 1120,240,1120,280
add 1120,280,1120,320
add 1120,320,1120,360
add 1120,480,1120,520
add 1080,520,1120,520
add 1080,560,1120,560
add 1080,600,1120,600
add 1080,640,1120,640
add 1120,680,1120,720
add 1080,720,1120,720
add 1120,760,1120,800
add 1120,800,1120,840
add 1080,840,1120,840
add 1120,880,1120,920
add 1120,920,1120,960
add 1120,960,1120,1000
add 1120,1000,1120,1040
add 1080,1040,1120,1040
add 1160,40,1160,80
add 1120,80,1160,80
add 1160,120,1160,160
add 1120,160,1160,160
add 1120,200,1160,200
add 1160,200,1160,240
add 1120,240,1160,240
add 1160,280,1160,320
add 1120,360,1160,360
add 1160,400,1160,440
add 1160,440,1160,480
add 1160,480,1160,520
add 1120,560,1160,560
add 1160,560,1160,600
add 1160,600,1160,640
add 1120,640,1160,640
add 1160,640,1160,680
add 1120,720,1160,720
add 1160,720,1160,760
add 1120,800,1160,800
add 1120,840,1160,840
add 1160,840,1160,880
add 1160,920,1160,960
add 1120,960,1160,960
add 1160,1000,1160,1040
add 1200,80,1200,120
add 1160,120,1200,120
add 1160,200,1200,200
add 1200,240,1200,280
add 1200,280,1200,320
add 1200,320,1200,360
add 1200,400,1200,440
add 1200,440,1200,480
add 1160,520,1200,520
add 1200,520,1200,560
add 1200,600,1200,640
add 1200,640,1200,680
add 1200,680,1200,720
add 1160,760,1200,760
add 1160,800,1200,800
add 1200,960,1200,1000
add 1160,1000,1200,1000
add 1160,1040,1200,1040
add 1200,80,1240,80
add 1240,120,1240,160
add 1200,160,1240,160
add 1240,160,1240,200
add 1240,200,1240,240
add 1200,240,1240,240
add 1240,320,1240,360
add 1240,360,1240,400
add 1200,440,1240,440
add 1240,440,1240,480
add 1200,520,1240,520
add 1240,560,1240,600
add 1200,600,1240,600
add 1200,640,1240,640
add 1240,720,1240,760
add 1200,760,1240,760
add 1200,800,1240,800
add 1200,840,1240,840
add 1240,880,1240,920
add 1200,960,1240,960
add 1200,1000,1240,1000
add 1240,1040,1240,1080
add 1240,80,1280,80
add 1280,80,1280,120
add 1240,120,1280,120
add 1280,160,1280,200
add 1280,200,1280,240
add 1280,240,1280,280
add 1240,280,1280,280
add 1280,280,1280,320
add 1280,320,1280,360
add 1240,400,1280,400
add 1280,400,1280,440
add 1240,480,1280,480
add 1280,480,1280,520
add 1280,520,1280,560
add 1240,560,1280,560
add 1240,600,1280,600
add 1280,640,1280,680
add 1240,680,1280,680
add 1280,680,1280,720
add 1240,760,1280,760
add 1280,760,1280,800
add 1280,840,1280,880
add 1240,880,1280,880
add 1280,920,1280,960
add 1240,960,1280,960
add 1240,1000,1280,1000
add 1240,1040,1280,1040
add 1320,40,1320,80
add 1320,120,1320,160
add 1280,200,1320,200
add 1320,200,1320,240
add 1280,400,1320,400
add 1320,440,1320,480
add 1320,480,1320,520
add 1280,560,1320,560
add 1280,680,1320,680
add 1320,720,1320,760
add 1320,760,1320,800
add 1280,800,1320,800
add 1320,800,1320,840
add 1320,840,1320,880
add 1320,880,1320,920
add 1280,920,1320,920
add 1280,1000,1320,1000
add 1320,1000,1320,1040
add 1320,160,1360,160
add 1360,160,1360,200
add 1320,240,1360,240
add 1320,280,1360,280
add 1320,320,1360,320
add 1320,360,1360,360
add 1360,360,1360,400
add 1320,440,1360,440
add 1360,440,1360,480
add 1320,520,1360,520
add 1360,520,1360,560
add 1320,600,1360,600
add 1360,640,1360,680
add 1320,680,1360,680
add 1360,720,1360,760
add 1320,800,1360,800
add 1360,840,1360,880
add 1360,880,1360,920
add 1320,960,1360,960
add 1360,960,1360,1000
add 1360,1000,1360,1040
add 1360,1040,1360,1080
add 1360,160,1400,160
add 1360,200,1400,200
add 1400,200,1400,240
add 1400,240,1400,280
add 1360,280,1400,280
add 1400,280,1400,320
add 1400,320,1400,360
add 1360,360,1400,360
add 1360,400,1400,400
add 1400,400,1400,440
add 1360,480,1400,480
add 1360,560,1400,560
add 1360,600,1400,600
add 1400,600,1400,640
add 1360,680,1400,680
add 1400,680,1400,720
add 1360,720,1400,720
add 1360,840,1400,840
add 1400,160,1440,160
add 1440,240,1440,280
add 1400,280,1440,280
add 1440,320,1440,360
add 1440,360,1440,400
add 1440,400,1440,440
add 1440,440,1440,480
add 1400,480,1440,480
add 1440,480,1440,520
add 1400,520,1440,520
add 1400,560,1440,560
add 1440,560,1440,600
add 1400,640,1440,640
add 1440,640,1440,680
add 1440,680,1440,720
add 1440,760,1440,800
add 1400,800,1440,800
add 1400,840,1440,840
add 1440,160,1480,160
add 1440,200,1480,200
add 1480,200,1480,240
add 1480,280,1480,320
add 1440,320,1480,320
add 1440,400,1480,400
add 1440,520,1480,520
add 1480,520,1480,560
add 1440,600,1480,600
add 1480,600,1480,640
add 1440,680,1480,680
add 1440,760,1480,760
add 1480,800,1480,840
add 1440,840,1480,840
add 1480,160,1520,160
add 1520,200,1520,240
add 1520,240,1520,280
add 1480,320,1520,320
add 1480,360,1520,360
add 1480,400,1520,400
add 1520,400,1520,440
add 1480,440,1520,440
add 1480,480,1520,480
add 1520,480,1520,520
add 1480,560,1520,560
add 1520,560,1520,600
add 1480,640,1520,640
add 1520,640,1520,680
add 1520,680,1520,720
add 1480,720,1520,720
add 1480,760,1520,760
add 1520,760,1520,800
add 1480,840,1520,840
add 1520,160,1560,160
add 1520,360,1560,360
add 1520,480,1560,480
add 1520,840,1560,840
